16 erreur 
temps execution : piece_10x10_.txt :4696.748047seconde
1 1
21 2
27 2
10 2
7 2
31 2
15 2
35 2
14 2
0 2
26 1
90 0
97 3
60 3
46 1
50 0
95 2
87 3
44 0
19 3
5 1
49 3
54 1
37 3
53 1
41 2
71 1
98 0
51 2
16 3
9 1
66 0
45 3
40 1
67 3
63 3
64 1
83 0
91 0
17 3
29 1
68 2
81 2
59 3
56 1
73 1
85 1
99 0
92 2
32 3
24 1
88 0
80 1
94 3
96 0
82 2
69 3
58 3
36 0
33 3
8 1
76 3
78 1
93 3
89 3
65 0
86 0
57 1
55 2
23 3
11 1
84 2
79 3
74 3
75 3
70 2
52 3
42 3
39 1
22 3
6 1
72 1
38 3
48 1
43 1
47 0
61 3
62 1
77 0
34 3
3 0
18 0
20 0
12 0
25 0
4 0
13 0
30 0
28 0
2 3
