80 erreur 
temps execution : piece_16x16_.txt :605.870178seconde
2 1
10 2
21 2
39 2
46 2
13 2
6 2
24 2
25 2
40 2
53 2
12 2
4 2
23 2
32 2
0 2
30 1
172 0
148 3
149 1
178 1
245 1
177 2
125 0
73 2
209 3
212 1
185 3
75 3
89 1
169 3
51 3
20 1
233 2
188 0
196 0
162 0
116 0
224 3
126 2
86 3
60 0
147 1
217 1
234 2
163 3
151 1
38 3
45 1
153 3
144 1
199 2
155 2
124 2
90 0
94 3
85 1
63 2
109 1
242 3
154 3
64 3
74 1
33 3
36 1
152 1
133 3
175 2
226 3
115 0
167 3
105 0
231 0
87 2
228 0
246 2
247 1
145 2
69 0
27 3
7 1
130 3
132 1
240 0
181 0
66 3
197 0
251 3
82 0
92 2
208 1
159 0
95 3
68 1
61 2
26 3
48 1
62 1
102 0
122 3
107 1
81 0
65 0
193 1
79 2
244 1
157 3
161 2
121 2
243 3
186 2
55 3
56 1
211 2
123 2
198 0
100 1
70 2
78 2
114 3
127 1
232 3
239 1
93 2
252 0
238 0
205 3
16 3
11 1
166 0
216 1
202 2
218 0
174 0
97 0
227 2
248 3
236 2
104 3
129 1
110 0
80 0
249 3
19 3
47 1
179 2
210 3
214 1
128 3
106 1
241 1
96 3
84 1
142 0
98 0
143 0
117 2
83 2
113 3
5 3
43 1
189 1
165 2
221 3
77 3
91 1
140 3
139 1
164 1
137 2
67 2
156 2
235 0
160 2
108 3
14 3
29 1
225 0
72 3
99 1
201 3
131 2
168 2
237 1
250 1
138 1
176 1
182 1
76 0
119 0
103 3
50 3
49 1
134 1
192 0
171 0
219 3
230 0
111 3
101 1
203 3
184 1
150 0
255 2
88 2
135 2
120 2
54 3
9 1
206 2
190 2
141 3
71 2
222 1
213 0
112 3
187 3
194 1
200 3
204 1
180 2
253 3
170 0
34 3
41 1
191 3
183 1
173 2
195 2
215 0
220 2
207 2
118 1
254 3
136 3
146 1
223 1
229 0
158 3
15 3
1 0
42 0
18 0
22 0
52 0
37 0
58 0
17 0
57 0
59 0
28 0
35 0
44 0
8 0
31 0
3 3
