16 erreur 
temps execution : piece_10x10_.txt :2865.819824seconde
2 1
20 2
10 2
7 2
31 2
30 2
33 2
23 2
18 2
3 2
35 1
48 3
42 3
45 1
47 0
96 0
93 0
85 3
89 1
9 3
15 1
66 3
63 1
68 1
41 2
43 3
49 1
50 0
91 2
8 3
29 1
78 1
65 3
57 3
54 3
44 1
73 0
52 2
77 3
5 3
24 1
87 0
84 2
72 3
56 3
36 0
69 2
99 0
94 2
25 3
11 1
92 2
83 0
46 3
55 1
37 0
61 3
71 1
98 3
16 3
4 1
51 1
81 2
76 3
62 0
60 2
58 0
79 2
67 0
32 3
12 1
40 0
80 0
86 2
59 2
88 3
74 0
53 3
38 1
6 3
26 1
39 2
64 1
97 0
95 2
90 2
75 2
82 1
70 3
19 3
0 0
13 0
34 0
22 0
27 0
21 0
14 0
28 0
17 0
1 3
